idle7 0 0 32 64
idle40 32 0 32 64
escaperight10 256 320 32 32
idle39 64 0 32 64
dashleft0 0 192 128 32
idle11 96 0 32 64
idle18 128 0 32 64
idle33 160 0 32 64
escapeleft16 288 320 32 32
idle2 192 0 32 64
idle21 224 0 32 64
escaperight8 320 320 32 32
escapeleft11 352 320 32 32
escapeleft15 384 320 32 32
dashright8 128 192 128 32
escaperight18 416 320 32 32
dashright5 256 192 128 32
idle15 256 0 32 64
escaperight9 448 320 32 32
escapeleft13 480 320 32 32
idle6 288 0 32 64
escapeleft3 0 352 32 32
idle26 320 0 32 64
idle0 352 0 32 64
escapeleft12 32 352 32 32
escaperight12 64 352 32 32
idle19 384 0 32 64
idle29 416 0 32 64
escaperight13 96 352 32 32
dashright3 384 192 128 32
dashleft4 0 224 128 32
dashleft5 128 224 128 32
escaperight17 128 352 32 32
dashleft6 256 224 128 32
idle23 448 0 32 64
escapeleft6 160 352 32 32
idle32 480 0 32 64
idle41 0 64 32 64
escaperight11 192 352 32 32
escapeleft10 224 352 32 32
dashright7 384 224 128 32
idle42 32 64 32 64
dashleft1 0 256 128 32
escapeleft17 256 352 32 32
escaperight2 288 352 32 32
idle9 64 64 32 64
escaperight5 320 352 32 32
idle5 96 64 32 64
idle45 128 64 32 64
escapeleft8 352 352 32 32
idle12 160 64 32 64
idle14 192 64 32 64
dashleft2 128 256 128 32
idle8 224 64 32 64
idle38 256 64 32 64
idle10 288 64 32 64
idle4 320 64 32 64
escaperight19 384 352 32 32
idle27 352 64 32 64
idle13 384 64 32 64
escapeleft14 416 352 32 32
escapeleft0 448 352 32 32
dashright1 256 256 128 32
idle1 416 64 32 64
escaperight0 480 352 32 32
escapeleft19 0 384 32 32
idle35 448 64 32 64
dashright2 384 256 128 32
dashleft7 0 288 128 32
idle16 480 64 32 64
idle37 0 128 32 64
idle3 32 128 32 64
idle17 64 128 32 64
idle22 96 128 32 64
dashright6 128 288 128 32
idle43 128 128 32 64
idle28 160 128 32 64
escaperight15 32 384 32 32
escapeleft5 64 384 32 32
idle20 192 128 32 64
idle34 224 128 32 64
escaperight6 96 384 32 32
idle31 256 128 32 64
escapeleft9 128 384 32 32
idle25 288 128 32 64
escapeleft4 160 384 32 32
dashright0 256 288 128 32
escaperight3 192 384 32 32
dashleft3 384 288 128 32
idle30 320 128 32 64
dashright4 0 320 128 32
escaperight16 224 384 32 32
escapeleft1 256 384 32 32
idle36 352 128 32 64
escaperight4 288 384 32 32
idle24 384 128 32 64
escaperight1 320 384 32 32
idle44 416 128 32 64
dashleft8 128 320 128 32
escaperight14 352 384 32 32
escapeleft2 384 384 32 32
escapeleft7 416 384 32 32
escapeleft18 448 384 32 32
escaperight7 480 384 32 32
